0.1 1.8229239584193715
0.1191919191919192 1.6655369052267097
0.1383838383838384 1.5342481577185252
0.1575757575757576 1.4222126029618105
0.17676767676767677 1.3249562454861978
0.19595959595959594 1.2393938318908009
0.21515151515151515 1.1633078094898683
0.23434343434343433 1.0950508218219306
0.2535353535353535 1.0333656994595155
0.2727272727272727 0.977271316139771
0.2919191919191919 0.9259873519305962
0.3111111111111111 0.878883059949714
0.3303030303030303 0.8354413956140323
0.3494949494949495 0.795233292002111
0.3686868686868686 0.7578988211587652
0.3878787878787878 0.7231331414524188
0.407070707070707 0.6906758421932848
0.42626262626262623 0.660302745267558
0.44545454545454544 0.6318195138008669
0.46464646464646464 0.6050566100285844
0.48383838383838385 0.5798652744094451
0.503030303030303 0.5561142874163153
0.5222222222222221 0.5336873380266297
0.5414141414141413 0.512480867433554
0.5606060606060606 0.4924022885849959
0.5797979797979798 0.4733685055954277
0.598989898989899 0.45530467440222455
0.6181818181818182 0.438143158989949
0.6373737373737373 0.42182264728761126
0.6565656565656565 0.4062873983024525
0.6757575757575757 0.39148659779208655
0.6949494949494949 0.37737380422874495
0.7141414141414141 0.3639064702905148
0.7333333333333333 0.3510455278566562
0.7525252525252525 0.33875502665926915
0.7717171717171717 0.3270018184803078
0.7909090909090909 0.31575528017822574
0.81010101010101 0.3049870699560694
0.8292929292929292 0.294670912199086
0.8484848484848484 0.2847824069583906
0.8676767676767676 0.2752988607717351
0.8868686868686868 0.26619913601933504
0.906060606060606 0.25746351643276766
0.9252525252525252 0.24907358672455662
0.9444444444444443 0.24101212459822058
0.9636363636363635 0.23326300364369187
0.9828282828282827 0.22581110582945887
1.002020202020202 0.21864224247727937
1.0212121212121212 0.2117430827533217
1.0404040404040404 0.20510108883553962
1.0595959595959596 0.19870445702462405
1.0787878787878789 0.1925420641579542
1.097979797979798 0.18660341876506947
1.1171717171717173 0.18087861647130238
1.1363636363636365 0.17535829921505858
1.1555555555555557 0.17003361789518118
1.1747474747474747 0.16489619810907674
1.1939393939393939 0.15993810868078384
1.213131313131313 0.15515183271175342
1.2323232323232323 0.15053024091648104
1.2515151515151515 0.14606656703087184
1.2707070707070707 0.14175438510382166
1.2898989898989899 0.1375875885023936
1.309090909090909 0.1335603704785095
1.3282828282828283 0.12966720616057742
1.3474747474747475 0.1259028358471953
1.3666666666666667 0.12226224949224003
1.385858585858586 0.11874067228146043
1.405050505050505 0.11533355121031365
1.4242424242424243 0.1120365425813607
1.4434343434343435 0.10884550034719437
1.4626262626262627 0.10575646523172086
1.481818181818182 0.10276565456875106
1.501010101010101 0.0998694528023591
1.52020202020202 0.09706440259840907
1.5393939393939393 0.09434719652109795
1.5585858585858585 0.09171466923236793
1.5777777777777777 0.0891637901756552
1.596969696969697 0.08669165670870713
1.6161616161616161 0.08429548765314995
1.6353535353535353 0.08197261723116434
1.6545454545454545 0.07972048936204768
1.6737373737373737 0.07753665229364362
1.692929292929293 0.07541875354561728
1.7121212121212122 0.07336453514337378
1.7313131313131314 0.07137182912307499
1.7505050505050506 0.06943855328971846
1.7696969696969698 0.06756270721162232
1.7888888888888888 0.06574236843591899
1.808080808080808 0.06397568891081269
1.8272727272727272 0.0622608916014103
1.8464646464646464 0.06059626728690199
1.8656565656565656 0.058980171527753804
1.8848484848484848 0.05741102179238931
1.904040404040404 0.05588729473358414
1.9232323232323232 0.05440752360548621
1.9424242424242424 0.05297029581280639
1.9616161616161616 0.05157425058430922
1.9808080808080808 0.05021807676326951
2.0 0.048900510708058224